1000
960
715
325
148
81
398
268
943
337
657
971
623
63
957
347
237
389
582
108
143
261
700
558
951
182
694
434
159
736
457
38
529
194
500
68
303
910
704
797
75
378
263
658
231
557
101
813
153
937
705
87
882
836
770
327
635
185
180
670
835
936
174
259
227
601
5
250
921
448
911
435
803
964
713
309
297
962
66
116
244
815
839
562
556
123
406
922
317
804
766
751
233
947
615
532
300
938
771
560
889
607
645
330
433
554
506
826
799
734
216
267
996
479
725
878
28
905
438
788
730
527
933
719
821
131
559
732
407
646
19
183
659
184
640
107
634
175
547
743
404
807
883
26
542
573
798
136
64
486
945
748
611
181
356
45
621
332
442
477
820
979
397
819
588
339
767
522
46
164
487
380
296
205
111
986
15
810
485
663
154
465
550
735
970
49
360
737
581
439
698
596
192
401
650
579
257
436
158
413
89
152
671
792
745
112
207
427
408
328
370
822
928
676
29
992
890
53
977
247
467
972
410
271
773
868
138
865
825
24
783
497
982
591
256
538
86
421
292
311
647
764
530
690
514
284
674
7
709
25
323
551
462
200
246
72
471
777
163
102
248
814
121
320
288
118
859
661
871
817
425
760
115
702
796
563
344
51
733
395
897
576
384
842
238
155
331
939
533
249
239
127
741
833
195
133
856
105
693
790
507
866
432
368
141
171
56
675
472
711
989
608
340
47
230
915
664
627
220
437
749
94
955
316
801
716
92
786
919
997
276
441
229
526
458
639
388
265
114
565
638
848
381
998
594
762
929
574
852
884
942
920
213
775
242
451
110
142
818
834
665
723
847
210
512
900
373
648
927
644
521
946
827
570
637
165
4
516
32
624
481
313
901
67
692
985
306
518
504
211
503
52
968
122
950
314
747
489
944
680
484
537
443
502
59
689
212
30
740
304
60
699
987
151
926
482
609
619
778
956
683
289
759
193
113
341
714
545
480
553
629
252
494
774
3
569
44
758
660
157
99
885
793
802
428
975
11
496
214
318
808
959
444
784
718
469
42
505
179
324
899
125
466
688
264
354
528
837
109
739
523
352
791
918
710
334
137
746
499
874
602
423
952
990
824
967
567
892
321
62
493
71
974
186
319
57
495
342
329
387
916
605
655
488
695
348
750
618
555
333
78
586
350
279
83
731
772
55
958
245
310
95
305
738
620
672
345
768
895
377
789
662
452
69
16
70
633
225
228
603
685
475
761
412
912
411
326
891
456
201
575
272
399
568
720
478
544
291
176
622
934
416
161
12
546
343
721
270
887
282
561
999
879
881
995
473
875
440
649
610
173
630
913
869
863
149
431
597
414
351
346
215
860
144
924
253
221
8
445
872
120
666
548
43
100
846
861
907
903
728
209
241
274
794
369
132
696
949
712
681
39
61
294
385
707
240
449
103
455
91
374
858
595
785
525
923
54
829
906
336
372
37
917
371
682
188
130
375
196
202
10
626
400
379
419
258
104
941
656
447
93
632
636
219
585
58
357
787
234
145
925
417
204
290
864
198
134
217
577
870
978
232
831
756
470
534
353
631
430
805
273
673
254
769
418
641
862
617
88
31
717
991
515
160
361
299
76
625
295
599
812
460
930
838
224
191
335
988
218
779
396
806
809
1
20
150
931
117
262
33
543
79
524
422
628
280
590
983
429
948
876
886
287
286
844
566
338
981
365
243
765
780
684
468
285
612
541
453
800
197
669
65
459
508
691
139
953
199
80
893
35
1000
97
843
877
223
146
894
828
726
450
106
9
178
189
589
642
364
492
50
187
706
752
781
616
124
293
266
461
446
841
564
90
896
994
850
598
454
965
277
77
18
653
307
513
753
535
722
126
27
483
604
362
222
382
520
84
686
301
667
984
203
729
668
845
898
873
580
757
708
940
129
724
393
21
540
96
474
409
390
832
424
854
363
823
367
932
312
402
571
281
85
135
776
322
795
755
963
993
358
701
119
908
226
593
128
140
6
600
501
536
742
255
857
251
82
703
980
687
782
727
754
298
391
403
914
269
386
476
236
73
206
48
415
98
606
392
166
420
592
36
491
13
156
190
654
976
954
168
41
904
651
464
426
22
811
260
40
519
510
613
509
498
394
973
614
549
490
349
308
235
697
969
583
275
966
531
376
315
853
763
652
572
867
849
840
909
366
169
359
34
587
880
830
679
2
23
855
961
278
208
302
283
935
677
162
167
578
177
902
643
552
147
851
17
355
463
14
539
511
383
816
170
584
405
888
74
744
517
172
678
